-5.00000e+00 1.00000e+01 1.00000e+01 1.00000e+01 0.00000e+00
-4.99000e+00 1.00809e+01 1.16577e+01 1.08098e+01 0.00000e+00
-4.97999e+00 1.03080e+01 1.32362e+01 1.17778e+01 0.00000e+00
-4.96999e+00 1.06600e+01 1.47375e+01 1.29155e+01 0.00000e+00
-4.95999e+00 1.11174e+01 1.61541e+01 1.42363e+01 0.00000e+00
-4.94998e+00 1.16614e+01 1.74680e+01 1.57527e+01 0.00000e+00
-4.93998e+00 1.22725e+01 1.86510e+01 1.74731e+01 0.00000e+00
-4.92998e+00 1.29303e+01 1.96656e+01 1.93987e+01 0.00000e+00
-4.91997e+00 1.36121e+01 2.04665e+01 2.15202e+01 0.00000e+00
-4.90997e+00 1.42929e+01 2.10037e+01 2.38138e+01 0.00000e+00
-4.89997e+00 1.49452e+01 2.12271e+01 2.62394e+01 0.00000e+00
-4.88996e+00 1.55397e+01 2.10924e+01 2.87385e+01 0.00000e+00
-4.87996e+00 1.60460e+01 2.05679e+01 3.12361e+01 0.00000e+00
-4.86996e+00 1.64349e+01 1.96420e+01 3.36440e+01 0.00000e+00
-4.85995e+00 1.66795e+01 1.83283e+01 3.58681e+01 0.00000e+00
-4.84995e+00 1.67587e+01 1.66682e+01 3.78180e+01 0.00000e+00
-4.83995e+00 1.66581e+01 1.47295e+01 3.94168e+01 0.00000e+00
-4.82994e+00 1.63726e+01 1.26005e+01 4.06106e+01 0.00000e+00
-4.81994e+00 1.59065e+01 1.03805e+01 4.13744e+01 0.00000e+00
-4.80994e+00 1.52730e+01 8.16865e+00 4.17133e+01 0.00000e+00
-4.79993e+00 1.44933e+01 6.05383e+00 4.16597e+01 0.00000e+00
-4.78993e+00 1.35941e+01 4.10676e+00 4.12662e+01 0.00000e+00
-4.77993e+00 1.26054e+01 2.37593e+00 4.05976e+01 0.00000e+00
-4.76992e+00 1.15576e+01 8.87278e-01 3.97220e+01 0.00000e+00
-4.75992e+00 1.04799e+01 -3.53234e-01 3.87040e+01 0.00000e+00
-4.74992e+00 9.39834e+00 -1.35530e+00 3.76002e+01 0.00000e+00
-4.73991e+00 8.33510e+00 -2.13939e+00 3.64567e+01 0.00000e+00
-4.72991e+00 7.30792e+00 -2.73225e+00 3.53084e+01 0.00000e+00
-4.71991e+00 6.33015e+00 -3.16314e+00 3.41802e+01 0.00000e+00
-4.70990e+00 5.41109e+00 -3.46112e+00 3.30884e+01 0.00000e+00
-4.69990e+00 4.55648e+00 -3.65335e+00 3.20424e+01 0.00000e+00
-4.68990e+00 3.76905e+00 -3.76407e+00 3.10466e+01 0.00000e+00
-4.67989e+00 3.04912e+00 -3.81419e+00 3.01020e+01 0.00000e+00
-4.66989e+00 2.39516e+00 -3.82132e+00 2.92073e+01 0.00000e+00
-4.65989e+00 1.80425e+00 -3.79994e+00 2.83597e+01 0.00000e+00
-4.64988e+00 1.27253e+00 -3.76176e+00 2.75559e+01 0.00000e+00
-4.63988e+00 7.95484e-01 -3.71612e+00 2.67926e+01 0.00000e+00
-4.62988e+00 3.68251e-01 -3.67034e+00 2.60663e+01 0.00000e+00
-4.61987e+00 -1.41835e-02 -3.63009e+00 2.53739e+01 0.00000e+00
-4.60987e+00 -3.56829e-01 -3.59971e+00 2.47127e+01 0.00000e+00
-4.59987e+00 -6.64579e-01 -3.58248e+00 2.40804e+01 0.00000e+00
-4.58986e+00 -9.42132e-01 -3.58085e+00 2.34751e+01 0.00000e+00
-4.57986e+00 -1.19394e+00 -3.59665e+00 2.28951e+01 0.00000e+00
-4.56986e+00 -1.42418e+00 -3.63122e+00 2.23392e+01 0.00000e+00
-4.55985e+00 -1.63674e+00 -3.68559e+00 2.18064e+01 0.00000e+00
-4.54985e+00 -1.83524e+00 -3.76053e+00 2.12963e+01 0.00000e+00
-4.53985e+00 -2.02300e+00 -3.85669e+00 2.08082e+01 0.00000e+00
-4.52984e+00 -2.20308e+00 -3.97463e+00 2.03422e+01 0.00000e+00
-4.51984e+00 -2.37833e+00 -4.11488e+00 1.98982e+01 0.00000e+00
-4.50984e+00 -2.55135e+00 -4.27800e+00 1.94765e+01 0.00000e+00
-4.49983e+00 -2.72455e+00 -4.46457e+00 1.90777e+01 0.00000e+00
-4.48983e+00 -2.90019e+00 -4.67525e+00 1.87024e+01 0.00000e+00
-4.47983e+00 -3.08036e+00 -4.91076e+00 1.83515e+01 0.00000e+00
-4.46982e+00 -3.26703e+00 -5.17189e+00 1.80264e+01 0.00000e+00
-4.45982e+00 -3.46206e+00 -5.45948e+00 1.77284e+01 0.00000e+00
-4.44982e+00 -3.66722e+00 -5.77442e+00 1.74593e+01 0.00000e+00
-4.43981e+00 -3.88419e+00 -6.11761e+00 1.72213e+01 0.00000e+00
-4.42981e+00 -4.11458e+00 -6.48992e+00 1.70168e+01 0.00000e+00
-4.41981e+00 -4.35991e+00 -6.89213e+00 1.68487e+01 0.00000e+00
-4.40980e+00 -4.62166e+00 -7.32491e+00 1.67203e+01 0.00000e+00
-4.39980e+00 -4.90118e+00 -7.78864e+00 1.66353e+01 0.00000e+00
-4.38980e+00 -5.19975e+00 -8.28342e+00 1.65980e+01 0.00000e+00
-4.37979e+00 -5.51847e+00 -8.80884e+00 1.66132e+01 0.00000e+00
-4.36979e+00 -5.85832e+00 -9.36390e+00 1.66861e+01 0.00000e+00
-4.35979e+00 -6.22002e+00 -9.94680e+00 1.68225e+01 0.00000e+00
-4.34978e+00 -6.60402e+00 -1.05547e+01 1.70285e+01 0.00000e+00
-4.33978e+00 -7.01039e+00 -1.11837e+01 1.73107e+01 0.00000e+00
-4.32978e+00 -7.43874e+00 -1.18281e+01 1.76757e+01 0.00000e+00
-4.31977e+00 -7.88813e+00 -1.24808e+01 1.81301e+01 0.00000e+00
-4.30977e+00 -8.35691e+00 -1.31326e+01 1.86801e+01 0.00000e+00
-4.29977e+00 -8.84261e+00 -1.37722e+01 1.93308e+01 0.00000e+00
-4.28976e+00 -9.34183e+00 -1.43858e+01 2.00862e+01 0.00000e+00
-4.27976e+00 -9.85006e+00 -1.49578e+01 2.09481e+01 0.00000e+00
-4.26976e+00 -1.03616e+01 -1.54700e+01 2.19154e+01 0.00000e+00
-4.25975e+00 -1.08695e+01 -1.59028e+01 2.29836e+01 0.00000e+00
-4.24975e+00 -1.13657e+01 -1.62358e+01 2.41437e+01 0.00000e+00
-4.23975e+00 -1.18406e+01 -1.64482e+01 2.53818e+01 0.00000e+00
-4.22974e+00 -1.22839e+01 -1.65209e+01 2.66786e+01 0.00000e+00
-4.21974e+00 -1.26845e+01 -1.64376e+01 2.80096e+01 0.00000e+00
-4.20974e+00 -1.30310e+01 -1.61866e+01 2.93452e+01 0.00000e+00
-4.19973e+00 -1.33122e+01 -1.57624e+01 3.06524e+01 0.00000e+00
-4.18973e+00 -1.35180e+01 -1.51668e+01 3.18961e+01 0.00000e+00
-4.17973e+00 -1.36395e+01 -1.44100e+01 3.30412e+01 0.00000e+00
-4.16972e+00 -1.36704e+01 -1.35103e+01 3.40554e+01 0.00000e+00
-4.15972e+00 -1.36067e+01 -1.24932e+01 3.49113e+01 0.00000e+00
-4.14972e+00 -1.34479e+01 -1.13901e+01 3.55883e+01 0.00000e+00
-4.13971e+00 -1.31964e+01 -1.02356e+01 3.60745e+01 0.00000e+00
-4.12971e+00 -1.28579e+01 -9.06520e+00 3.63664e+01 0.00000e+00
-4.11971e+00 -1.24408e+01 -7.91273e+00 3.64693e+01 0.00000e+00
-4.10970e+00 -1.19558e+01 -6.80803e+00 3.63954e+01 0.00000e+00
-4.09970e+00 -1.14152e+01 -5.77549e+00 3.61627e+01 0.00000e+00
-4.08970e+00 -1.08320e+01 -4.83323e+00 3.57926e+01 0.00000e+00
-4.07969e+00 -1.02194e+01 -3.99287e+00 3.53083e+01 0.00000e+00
-4.06969e+00 -9.59038e+00 -3.26005e+00 3.47328e+01 0.00000e+00
-4.05969e+00 -8.95670e+00 -2.63521e+00 3.40877e+01 0.00000e+00
-4.04968e+00 -8.32895e+00 -2.11466e+00 3.33924e+01 0.00000e+00
-4.03968e+00 -7.71618e+00 -1.69172e+00 3.26636e+01 0.00000e+00
-4.02968e+00 -7.12587e+00 -1.35776e+00 3.19150e+01 0.00000e+00
-4.01967e+00 -6.56387e+00 -1.10308e+00 3.11577e+01 0.00000e+00
-4.00967e+00 -6.03456e+00 -9.17686e-01 3.04000e+01 0.00000e+00
-3.99967e+00 -5.54095e+00 -7.91780e-01 2.96484e+01 0.00000e+00
-3.98966e+00 -5.08484e+00 -7.16177e-01 2.89073e+01 0.00000e+00
-3.97966e+00 -4.66704e+00 -6.82524e-01 2.81799e+01 0.00000e+00
-3.96966e+00 -4.28754e+00 -6.83432e-01 2.74681e+01 0.00000e+00
-3.95965e+00 -3.94566e+00 -7.12514e-01 2.67733e+01 0.00000e+00
-3.94965e+00 -3.64024e+00 -7.64371e-01 2.60961e+01 0.00000e+00
-3.93965e+00 -3.36974e+00 -8.34540e-01 2.54368e+01 0.00000e+00
-3.92964e+00 -3.13241e+00 -9.19413e-01 2.47953e+01 0.00000e+00
-3.91964e+00 -2.92635e+00 -1.01616e+00 2.41715e+01 0.00000e+00
-3.90964e+00 -2.74959e+00 -1.12262e+00 2.35651e+01 0.00000e+00
-3.89963e+00 -2.60020e+00 -1.23723e+00 2.29759e+01 0.00000e+00
-3.88963e+00 -2.47630e+00 -1.35895e+00 2.24036e+01 0.00000e+00
-3.87963e+00 -2.37609e+00 -1.48717e+00 2.18479e+01 0.00000e+00
-3.86962e+00 -2.29793e+00 -1.62163e+00 2.13086e+01 0.00000e+00
-3.85962e+00 -2.24031e+00 -1.76242e+00 2.07856e+01 0.00000e+00
-3.84962e+00 -2.20190e+00 -1.90989e+00 2.02786e+01 0.00000e+00
-3.83961e+00 -2.18153e+00 -2.06458e+00 1.97878e+01 0.00000e+00
-3.82961e+00 -2.17820e+00 -2.22729e+00 1.93131e+01 0.00000e+00
-3.81961e+00 -2.19110e+00 -2.39893e+00 1.88545e+01 0.00000e+00
-3.80960e+00 -2.21959e+00 -2.58058e+00 1.84124e+01 0.00000e+00
-3.79960e+00 -2.26320e+00 -2.77348e+00 1.79869e+01 0.00000e+00
-3.78960e+00 -2.32161e+00 -2.97894e+00 1.75785e+01 0.00000e+00
-3.77959e+00 -2.39469e+00 -3.19843e+00 1.71876e+01 0.00000e+00
-3.76959e+00 -2.48244e+00 -3.43351e+00 1.68150e+01 0.00000e+00
-3.75959e+00 -2.58504e+00 -3.68582e+00 1.64614e+01 0.00000e+00
-3.74958e+00 -2.70280e+00 -3.95712e+00 1.61278e+01 0.00000e+00
-3.73958e+00 -2.83616e+00 -4.24926e+00 1.58154e+01 0.00000e+00
-3.72958e+00 -2.98573e+00 -4.56414e+00 1.55256e+01 0.00000e+00
-3.71957e+00 -3.15221e+00 -4.90376e+00 1.52603e+01 0.00000e+00
-3.70957e+00 -3.33646e+00 -5.27015e+00 1.50215e+01 0.00000e+00
-3.69957e+00 -3.53942e+00 -5.66534e+00 1.48116e+01 0.00000e+00
-3.68956e+00 -3.76215e+00 -6.09137e+00 1.46335e+01 0.00000e+00
-3.67956e+00 -4.00581e+00 -6.55018e+00 1.44906e+01 0.00000e+00
-3.66956e+00 -4.27161e+00 -7.04358e+00 1.43867e+01 0.00000e+00
-3.65955e+00 -4.56081e+00 -7.57313e+00 1.43266e+01 0.00000e+00
-3.64955e+00 -4.87470e+00 -8.14005e+00 1.43153e+01 0.00000e+00
-3.63955e+00 -5.21451e+00 -8.74503e+00 1.43588e+01 0.00000e+00
-3.62954e+00 -5.58140e+00 -9.38806e+00 1.44639e+01 0.00000e+00
-3.61954e+00 -5.97639e+00 -1.00682e+01 1.46381e+01 0.00000e+00
-3.60954e+00 -6.40025e+00 -1.07833e+01 1.48897e+01 0.00000e+00
-3.59953e+00 -6.85337e+00 -1.15297e+01 1.52276e+01 0.00000e+00
-3.58953e+00 -7.33570e+00 -1.23017e+01 1.56614e+01 0.00000e+00
-3.57953e+00 -7.84654e+00 -1.30913e+01 1.62007e+01 0.00000e+00
-3.56952e+00 -8.38435e+00 -1.38880e+01 1.68553e+01 0.00000e+00
-3.55952e+00 -8.94659e+00 -1.46778e+01 1.76339e+01 0.00000e+00
-3.54952e+00 -9.52948e+00 -1.54434e+01 1.85438e+01 0.00000e+00
-3.53951e+00 -1.01278e+01 -1.61641e+01 1.95900e+01 0.00000e+00
-3.52951e+00 -1.07346e+01 -1.68154e+01 2.07735e+01 0.00000e+00
-3.51951e+00 -1.13411e+01 -1.73701e+01 2.20908e+01 0.00000e+00
-3.50950e+00 -1.19369e+01 -1.77987e+01 2.35317e+01 0.00000e+00
-3.49950e+00 -1.25095e+01 -1.80712e+01 2.50788e+01 0.00000e+00
-3.48950e+00 -1.30447e+01 -1.81592e+01 2.67065e+01 0.00000e+00
-3.47949e+00 -1.35275e+01 -1.80383e+01 2.83805e+01 0.00000e+00
-3.46949e+00 -1.39419e+01 -1.76910e+01 3.00592e+01 0.00000e+00
-3.45949e+00 -1.42725e+01 -1.71092e+01 3.16948e+01 0.00000e+00
-3.44948e+00 -1.45050e+01 -1.62971e+01 3.32366e+01 0.00000e+00
-3.43948e+00 -1.46276e+01 -1.52714e+01 3.46348e+01 0.00000e+00
-3.42948e+00 -1.46316e+01 -1.40618e+01 3.58442e+01 0.00000e+00
-3.41947e+00 -1.45129e+01 -1.27089e+01 3.68285e+01 0.00000e+00
-3.40947e+00 -1.42716e+01 -1.12611e+01 3.75635e+01 0.00000e+00
-3.39947e+00 -1.39131e+01 -9.77040e+00 3.80386e+01 0.00000e+00
-3.38946e+00 -1.34467e+01 -8.28779e+00 3.82570e+01 0.00000e+00
-3.37946e+00 -1.28859e+01 -6.85939e+00 3.82342e+01 0.00000e+00
-3.36946e+00 -1.22467e+01 -5.52326e+00 3.79952e+01 0.00000e+00
-3.35945e+00 -1.15468e+01 -4.30757e+00 3.75715e+01 0.00000e+00
-3.34945e+00 -1.08044e+01 -3.23019e+00 3.69974e+01 0.00000e+00
-3.33945e+00 -1.00372e+01 -2.29929e+00 3.63070e+01 0.00000e+00
-3.32944e+00 -9.26149e+00 -1.51483e+00 3.55321e+01 0.00000e+00
-3.31944e+00 -8.49180e+00 -8.70318e-01 3.47006e+01 0.00000e+00
-3.30944e+00 -7.74038e+00 -3.54821e-01 3.38356e+01 0.00000e+00
-3.29943e+00 -7.01711e+00 4.53333e-02 3.29558e+01 0.00000e+00
-3.28943e+00 -6.32957e+00 3.45063e-01 3.20750e+01 0.00000e+00
-3.27943e+00 -5.68320e+00 5.59412e-01 3.12036e+01 0.00000e+00
-3.26942e+00 -5.08151e+00 7.02753e-01 3.03485e+01 0.00000e+00
-3.25942e+00 -4.52634e+00 7.88285e-01 2.95142e+01 0.00000e+00
-3.24942e+00 -4.01819e+00 8.27764e-01 2.87031e+01 0.00000e+00
-3.23941e+00 -3.55647e+00 8.31390e-01 2.79165e+01 0.00000e+00
-3.22941e+00 -3.13973e+00 8.07829e-01 2.71545e+01 0.00000e+00
-3.21941e+00 -2.76593e+00 7.64296e-01 2.64168e+01 0.00000e+00
-3.20940e+00 -2.43257e+00 7.06691e-01 2.57026e+01 0.00000e+00
-3.19940e+00 -2.13692e+00 6.39747e-01 2.50108e+01 0.00000e+00
-3.18940e+00 -1.87608e+00 5.67185e-01 2.43405e+01 0.00000e+00
-3.17939e+00 -1.64713e+00 4.91869e-01 2.36906e+01 0.00000e+00
-3.16939e+00 -1.44719e+00 4.15941e-01 2.30601e+01 0.00000e+00
-3.15939e+00 -1.27347e+00 3.40947e-01 2.24480e+01 0.00000e+00
-3.14938e+00 -1.12334e+00 2.67948e-01 2.18535e+01 0.00000e+00
-3.13938e+00 -9.94329e-01 1.97614e-01 2.12758e+01 0.00000e+00
-3.12938e+00 -8.84147e-01 1.30304e-01 2.07142e+01 0.00000e+00
-3.11937e+00 -7.90708e-01 6.61350e-02 2.01682e+01 0.00000e+00
-3.10937e+00 -7.12123e-01 5.03596e-03 1.96370e+01 0.00000e+00
-3.09937e+00 -6.46695e-01 -5.32056e-02 1.91203e+01 0.00000e+00
-3.08936e+00 -5.92913e-01 -1.08908e-01 1.86175e+01 0.00000e+00
-3.07936e+00 -5.49446e-01 -1.62467e-01 1.81282e+01 0.00000e+00
-3.06936e+00 -5.15130e-01 -2.14332e-01 1.76520e+01 0.00000e+00
-3.05935e+00 -4.88955e-01 -2.64994e-01 1.71885e+01 0.00000e+00
-3.04935e+00 -4.70057e-01 -3.14968e-01 1.67374e+01 0.00000e+00
-3.03935e+00 -4.57704e-01 -3.64790e-01 1.62984e+01 0.00000e+00
-3.02934e+00 -4.51284e-01 -4.15008e-01 1.58711e+01 0.00000e+00
-3.01934e+00 -4.50297e-01 -4.66183e-01 1.54553e+01 0.00000e+00
-3.00934e+00 -4.54345e-01 -5.18888e-01 1.50507e+01 0.00000e+00
-2.99933e+00 -4.63123e-01 -5.73708e-01 1.46570e+01 0.00000e+00
-2.98933e+00 -4.76410e-01 -6.31244e-01 1.42740e+01 0.00000e+00
-2.97933e+00 -4.94066e-01 -6.92118e-01 1.39014e+01 0.00000e+00
-2.96932e+00 -5.16023e-01 -7.56977e-01 1.35391e+01 0.00000e+00
-2.95932e+00 -5.42284e-01 -8.26499e-01 1.31868e+01 0.00000e+00
-2.94932e+00 -5.72918e-01 -9.01400e-01 1.28445e+01 0.00000e+00
-2.93931e+00 -6.08057e-01 -9.82443e-01 1.25118e+01 0.00000e+00
-2.92931e+00 -6.47896e-01 -1.07044e+00 1.21889e+01 0.00000e+00
-2.91931e+00 -6.92691e-01 -1.16628e+00 1.18754e+01 0.00000e+00
-2.90930e+00 -7.42762e-01 -1.27090e+00 1.15714e+01 0.00000e+00
-2.89930e+00 -7.98493e-01 -1.38534e+00 1.12769e+01 0.00000e+00
-2.88930e+00 -8.60332e-01 -1.51073e+00 1.09920e+01 0.00000e+00
-2.87929e+00 -9.28801e-01 -1.64830e+00 1.07166e+01 0.00000e+00
-2.86929e+00 -1.00449e+00 -1.79939e+00 1.04509e+01 0.00000e+00
-2.85929e+00 -1.08807e+00 -1.96549e+00 1.01952e+01 0.00000e+00
-2.84928e+00 -1.18030e+00 -2.14822e+00 9.94989e+00 0.00000e+00
-2.83928e+00 -1.28202e+00 -2.34936e+00 9.71530e+00 0.00000e+00
-2.82928e+00 -1.39417e+00 -2.57088e+00 9.49205e+00 0.00000e+00
-2.81927e+00 -1.51781e+00 -2.81491e+00 9.28088e+00 0.00000e+00
-2.80927e+00 -1.65409e+00 -3.08381e+00 9.08273e+00 0.00000e+00
-2.79927e+00 -1.80430e+00 -3.38013e+00 8.89879e+00 0.00000e+00
-2.78926e+00 -1.96985e+00 -3.70667e+00 8.73053e+00 0.00000e+00
-2.77926e+00 -2.15232e+00 -4.06643e+00 8.57976e+00 0.00000e+00
-2.76926e+00 -2.35340e+00 -4.46268e+00 8.44872e+00 0.00000e+00
-2.75925e+00 -2.57497e+00 -4.89889e+00 8.34014e+00 0.00000e+00
-2.74925e+00 -2.81904e+00 -5.37874e+00 8.25736e+00 0.00000e+00
-2.73925e+00 -3.08783e+00 -5.90606e+00 8.20444e+00 0.00000e+00
-2.72924e+00 -3.38369e+00 -6.48482e+00 8.18630e+00 0.00000e+00
-2.71924e+00 -3.70913e+00 -7.11895e+00 8.20885e+00 0.00000e+00
-2.70924e+00 -4.06678e+00 -7.81227e+00 8.27921e+00 0.00000e+00
-2.69923e+00 -4.45940e+00 -8.56827e+00 8.40585e+00 0.00000e+00
-2.68923e+00 -4.88976e+00 -9.38981e+00 8.59882e+00 0.00000e+00
-2.67923e+00 -5.36061e+00 -1.02788e+01 8.86992e+00 0.00000e+00
-2.66922e+00 -5.87455e+00 -1.12357e+01 9.23289e+00 0.00000e+00
-2.65922e+00 -6.43389e+00 -1.22587e+01 9.70346e+00 0.00000e+00
-2.64922e+00 -7.04040e+00 -1.33435e+01 1.02994e+01 0.00000e+00
-2.63921e+00 -7.69510e+00 -1.44815e+01 1.10403e+01 0.00000e+00
-2.62921e+00 -8.39786e+00 -1.56594e+01 1.19470e+01 0.00000e+00
-2.61921e+00 -9.14702e+00 -1.68576e+01 1.30409e+01 0.00000e+00
-2.60920e+00 -9.93885e+00 -1.80493e+01 1.43427e+01 0.00000e+00
-2.59920e+00 -1.07670e+01 -1.91988e+01 1.58699e+01 0.00000e+00
-2.58920e+00 -1.16220e+01 -2.02617e+01 1.76344e+01 0.00000e+00
-2.57919e+00 -1.24904e+01 -2.11844e+01 1.96393e+01 0.00000e+00
-2.56919e+00 -1.33548e+01 -2.19058e+01 2.18746e+01 0.00000e+00
-2.55919e+00 -1.41932e+01 -2.23608e+01 2.43130e+01 0.00000e+00
-2.54918e+00 -1.49795e+01 -2.24848e+01 2.69076e+01 0.00000e+00
-2.53918e+00 -1.56845e+01 -2.22217e+01 2.95894e+01 0.00000e+00
-2.52918e+00 -1.62769e+01 -2.15319e+01 3.22694e+01 0.00000e+00
-2.51917e+00 -1.67259e+01 -2.04007e+01 3.48431e+01 0.00000e+00
-2.50917e+00 -1.70037e+01 -1.88452e+01 3.72004e+01 0.00000e+00
-2.49917e+00 -1.70883e+01 -1.69165e+01 3.92368e+01 0.00000e+00
-2.48916e+00 -1.69665e+01 -1.46972e+01 4.08662e+01 0.00000e+00
-2.47916e+00 -1.66351e+01 -1.22930e+01 4.20323e+01 0.00000e+00
-2.46916e+00 -1.61022e+01 -9.82031e+00 4.27143e+01 0.00000e+00
-2.45915e+00 -1.53859e+01 -7.39217e+00 4.29279e+01 0.00000e+00
-2.44915e+00 -1.45129e+01 -5.10625e+00 4.27193e+01 0.00000e+00
-2.43915e+00 -1.35154e+01 -3.03625e+00 4.21565e+01 0.00000e+00
-2.42914e+00 -1.24282e+01 -1.22845e+00 4.13181e+01 0.00000e+00
-2.41914e+00 -1.12859e+01 2.97217e-01 4.02832e+01 0.00000e+00
-2.40914e+00 -1.01209e+01 1.54292e+00 3.91242e+01 0.00000e+00
-2.39913e+00 -8.96096e+00 2.52704e+00 3.79015e+01 0.00000e+00
-2.38913e+00 -7.82932e+00 3.27818e+00 3.66625e+01 0.00000e+00
-2.37913e+00 -6.74383e+00 3.82994e+00 3.54414e+01 0.00000e+00
-2.36912e+00 -5.71738e+00 4.21697e+00 3.42608e+01 0.00000e+00
-2.35912e+00 -4.75843e+00 4.47226e+00 3.31344e+01 0.00000e+00
-2.34912e+00 -3.87162e+00 4.62558e+00 3.20686e+01 0.00000e+00
-2.33911e+00 -3.05850e+00 4.70279e+00 3.10651e+01 0.00000e+00
-2.32911e+00 -2.31822e+00 4.72564e+00 3.01226e+01 0.00000e+00
-2.31911e+00 -1.64813e+00 4.71205e+00 2.92376e+01 0.00000e+00
-2.30910e+00 -1.04428e+00 4.67646e+00 2.84058e+01 0.00000e+00
-2.29910e+00 -5.01894e-01 4.63034e+00 2.76229e+01 0.00000e+00
-2.28910e+00 -1.56673e-02 4.58266e+00 2.68842e+01 0.00000e+00
-2.27909e+00 4.19945e-01 4.54031e+00 2.61859e+01 0.00000e+00
-2.26909e+00 8.10537e-01 4.50857e+00 2.55242e+01 0.00000e+00
-2.25909e+00 1.16160e+00 4.49139e+00 2.48963e+01 0.00000e+00
-2.24908e+00 1.47844e+00 4.49168e+00 2.42996e+01 0.00000e+00
-2.23908e+00 1.76608e+00 4.51158e+00 2.37322e+01 0.00000e+00
-2.22908e+00 2.02925e+00 4.55264e+00 2.31925e+01 0.00000e+00
-2.21907e+00 2.27234e+00 4.61599e+00 2.26794e+01 0.00000e+00
-2.20907e+00 2.49943e+00 4.70241e+00 2.21922e+01 0.00000e+00
-2.19907e+00 2.71428e+00 4.81250e+00 2.17304e+01 0.00000e+00
-2.18906e+00 2.92032e+00 4.94672e+00 2.12942e+01 0.00000e+00
-2.17906e+00 3.12070e+00 5.10544e+00 2.08835e+01 0.00000e+00
-2.16906e+00 3.31832e+00 5.28900e+00 2.04990e+01 0.00000e+00
-2.15905e+00 3.51581e+00 5.49771e+00 2.01413e+01 0.00000e+00
-2.14905e+00 3.71560e+00 5.73189e+00 1.98115e+01 0.00000e+00
-2.13905e+00 3.91991e+00 5.99185e+00 1.95109e+01 0.00000e+00
-2.12904e+00 4.13078e+00 6.27786e+00 1.92411e+01 0.00000e+00
-2.11904e+00 4.35007e+00 6.59019e+00 1.90039e+01 0.00000e+00
-2.10904e+00 4.57950e+00 6.92899e+00 1.88015e+01 0.00000e+00
-2.09903e+00 4.82062e+00 7.29432e+00 1.86365e+01 0.00000e+00
-2.08903e+00 5.07484e+00 7.68602e+00 1.85117e+01 0.00000e+00
-2.07903e+00 5.34342e+00 8.10371e+00 1.84304e+01 0.00000e+00
-2.06902e+00 5.62741e+00 8.54660e+00 1.83960e+01 0.00000e+00
-2.05902e+00 5.92771e+00 9.01349e+00 1.84125e+01 0.00000e+00
-2.04902e+00 6.24495e+00 9.50258e+00 1.84841e+01 0.00000e+00
-2.03901e+00 6.57953e+00 1.00113e+01 1.86151e+01 0.00000e+00
-2.02901e+00 6.93150e+00 1.05364e+01 1.88103e+01 0.00000e+00
-2.01901e+00 7.30057e+00 1.10733e+01 1.90743e+01 0.00000e+00
-2.00900e+00 7.68596e+00 1.16164e+01 1.94115e+01 0.00000e+00
-1.99900e+00 8.08640e+00 1.21590e+01 1.98262e+01 0.00000e+00
-1.98900e+00 8.50001e+00 1.26925e+01 2.03219e+01 0.00000e+00
-1.97899e+00 8.92420e+00 1.32072e+01 2.09011e+01 0.00000e+00
-1.96899e+00 9.35565e+00 1.36917e+01 2.15650e+01 0.00000e+00
-1.95899e+00 9.79017e+00 1.41333e+01 2.23128e+01 0.00000e+00
-1.94898e+00 1.02227e+01 1.45181e+01 2.31414e+01 0.00000e+00
-1.93898e+00 1.06474e+01 1.48316e+01 2.40450e+01 0.00000e+00
-1.92898e+00 1.10575e+01 1.50591e+01 2.50144e+01 0.00000e+00
-1.91897e+00 1.14454e+01 1.51863e+01 2.60370e+01 0.00000e+00
-1.90897e+00 1.18032e+01 1.52009e+01 2.70967e+01 0.00000e+00
-1.89897e+00 1.21224e+01 1.50927e+01 2.81739e+01 0.00000e+00
-1.88896e+00 1.23947e+01 1.48553e+01 2.92461e+01 0.00000e+00
-1.87896e+00 1.26121e+01 1.44866e+01 3.02890e+01 0.00000e+00
-1.86896e+00 1.27675e+01 1.39898e+01 3.12771e+01 0.00000e+00
-1.85895e+00 1.28549e+01 1.33734e+01 3.21858e+01 0.00000e+00
-1.84895e+00 1.28701e+01 1.26512e+01 3.29923e+01 0.00000e+00
-1.83895e+00 1.28107e+01 1.18417e+01 3.36774e+01 0.00000e+00
-1.82894e+00 1.26766e+01 1.09670e+01 3.42266e+01 0.00000e+00
-1.81894e+00 1.24697e+01 1.00514e+01 3.46307e+01 0.00000e+00
-1.80894e+00 1.21945e+01 9.11995e+00 3.48865e+01 0.00000e+00
-1.79893e+00 1.18570e+01 8.19659e+00 3.49961e+01 0.00000e+00
-1.78893e+00 1.14650e+01 7.30310e+00 3.49669e+01 0.00000e+00
-1.77893e+00 1.10275e+01 6.45794e+00 3.48101e+01 0.00000e+00
-1.76892e+00 1.05541e+01 5.67558e+00 3.45396e+01 0.00000e+00
-1.75892e+00 1.00547e+01 4.96628e+00 3.41711e+01 0.00000e+00
-1.74892e+00 9.53922e+00 4.33624e+00 3.37209e+01 0.00000e+00
-1.73891e+00 9.01676e+00 3.78797e+00 3.32048e+01 0.00000e+00
-1.72891e+00 8.49578e+00 3.32089e+00 3.26374e+01 0.00000e+00
-1.71891e+00 7.98374e+00 2.93195e+00 3.20321e+01 0.00000e+00
-1.70890e+00 7.48702e+00 2.61636e+00 3.14003e+01 0.00000e+00
-1.69890e+00 7.01085e+00 2.36815e+00 3.07517e+01 0.00000e+00
-1.68890e+00 6.55937e+00 2.18077e+00 3.00942e+01 0.00000e+00
-1.67889e+00 6.13571e+00 2.04745e+00 2.94342e+01 0.00000e+00
-1.66889e+00 5.74203e+00 1.96160e+00 2.87767e+01 0.00000e+00
-1.65889e+00 5.37970e+00 1.91700e+00 2.81254e+01 0.00000e+00
-1.64888e+00 5.04938e+00 1.90796e+00 2.74833e+01 0.00000e+00
-1.63888e+00 4.75115e+00 1.92945e+00 2.68525e+01 0.00000e+00
-1.62888e+00 4.48466e+00 1.97709e+00 2.62345e+01 0.00000e+00
-1.61887e+00 4.24918e+00 2.04718e+00 2.56305e+01 0.00000e+00
-1.60887e+00 4.04376e+00 2.13665e+00 2.50414e+01 0.00000e+00
-1.59887e+00 3.86724e+00 2.24307e+00 2.44676e+01 0.00000e+00
-1.58886e+00 3.71839e+00 2.36454e+00 2.39097e+01 0.00000e+00
-1.57886e+00 3.59595e+00 2.49967e+00 2.33680e+01 0.00000e+00
-1.56886e+00 3.49865e+00 2.64752e+00 2.28429e+01 0.00000e+00
-1.55885e+00 3.42528e+00 2.80756e+00 2.23347e+01 0.00000e+00
-1.54885e+00 3.37470e+00 2.97957e+00 2.18439e+01 0.00000e+00
-1.53885e+00 3.34590e+00 3.16367e+00 2.13707e+01 0.00000e+00
-1.52884e+00 3.33796e+00 3.36021e+00 2.09157e+01 0.00000e+00
-1.51884e+00 3.35012e+00 3.56977e+00 2.04794e+01 0.00000e+00
-1.50884e+00 3.38172e+00 3.79314e+00 2.00626e+01 0.00000e+00
-1.49883e+00 3.43229e+00 4.03124e+00 1.96660e+01 0.00000e+00
-1.48883e+00 3.50146e+00 4.28515e+00 1.92905e+01 0.00000e+00
-1.47883e+00 3.58903e+00 4.55604e+00 1.89374e+01 0.00000e+00
-1.46882e+00 3.69492e+00 4.84517e+00 1.86078e+01 0.00000e+00
-1.45882e+00 3.81920e+00 5.15385e+00 1.83033e+01 0.00000e+00
-1.44882e+00 3.96202e+00 5.48342e+00 1.80257e+01 0.00000e+00
-1.43881e+00 4.12369e+00 5.83521e+00 1.77770e+01 0.00000e+00
-1.42881e+00 4.30458e+00 6.21050e+00 1.75596e+01 0.00000e+00
-1.41881e+00 4.50517e+00 6.61047e+00 1.73760e+01 0.00000e+00
-1.40880e+00 4.72597e+00 7.03613e+00 1.72294e+01 0.00000e+00
-1.39880e+00 4.96754e+00 7.48828e+00 1.71233e+01 0.00000e+00
-1.38880e+00 5.23047e+00 7.96738e+00 1.70615e+01 0.00000e+00
-1.37879e+00 5.51528e+00 8.47346e+00 1.70483e+01 0.00000e+00
-1.36879e+00 5.82244e+00 9.00600e+00 1.70886e+01 0.00000e+00
-1.35879e+00 6.15229e+00 9.56378e+00 1.71875e+01 0.00000e+00
-1.34878e+00 6.50497e+00 1.01447e+01 1.73507e+01 0.00000e+00
-1.33878e+00 6.88038e+00 1.07455e+01 1.75841e+01 0.00000e+00
-1.32878e+00 7.27803e+00 1.13617e+01 1.78938e+01 0.00000e+00
-1.31877e+00 7.69700e+00 1.19875e+01 1.82858e+01 0.00000e+00
-1.30877e+00 8.13581e+00 1.26149e+01 1.87660e+01 0.00000e+00
-1.29877e+00 8.59228e+00 1.32346e+01 1.93395e+01 0.00000e+00
-1.28876e+00 9.06343e+00 1.38347e+01 2.00104e+01 0.00000e+00
-1.27876e+00 9.54538e+00 1.44016e+01 2.07811e+01 0.00000e+00
-1.26876e+00 1.00332e+01 1.49196e+01 2.16516e+01 0.00000e+00
-1.25875e+00 1.05208e+01 1.53714e+01 2.26192e+01 0.00000e+00
-1.24875e+00 1.10010e+01 1.57384e+01 2.36775e+01 0.00000e+00
-1.23875e+00 1.14656e+01 1.60016e+01 2.48156e+01 0.00000e+00
-1.22874e+00 1.19053e+01 1.61428e+01 2.60182e+01 0.00000e+00
-1.21874e+00 1.23100e+01 1.61457e+01 2.72649e+01 0.00000e+00
-1.20874e+00 1.26692e+01 1.59972e+01 2.85309e+01 0.00000e+00
-1.19873e+00 1.29724e+01 1.56893e+01 2.97874e+01 0.00000e+00
-1.18873e+00 1.32095e+01 1.52199e+01 3.10029e+01 0.00000e+00
-1.17873e+00 1.33718e+01 1.45941e+01 3.21449e+01 0.00000e+00
-1.16872e+00 1.34520e+01 1.38245e+01 3.31822e+01 0.00000e+00
-1.15872e+00 1.34451e+01 1.29305e+01 3.40866e+01 0.00000e+00
-1.14872e+00 1.33488e+01 1.19379e+01 3.48353e+01 0.00000e+00
-1.13871e+00 1.31635e+01 1.08767e+01 3.54122e+01 0.00000e+00
-1.12871e+00 1.28929e+01 9.77915e+00 3.58090e+01 0.00000e+00
-1.11871e+00 1.25431e+01 8.67728e+00 3.60253e+01 0.00000e+00
-1.10870e+00 1.21227e+01 7.60103e+00 3.60679e+01 0.00000e+00
-1.09870e+00 1.16422e+01 6.57628e+00 3.59497e+01 0.00000e+00
-1.08870e+00 1.11132e+01 5.62376e+00 3.56881e+01 0.00000e+00
-1.07869e+00 1.05480e+01 4.75844e+00 3.53031e+01 0.00000e+00
-1.06869e+00 9.95892e+00 3.98955e+00 3.48159e+01 0.00000e+00
-1.05869e+00 9.35753e+00 3.32113e+00 3.42473e+01 0.00000e+00
-1.04868e+00 8.75462e+00 2.75275e+00 3.36166e+01 0.00000e+00
-1.03868e+00 8.15970e+00 2.28051e+00 3.29413e+01 0.00000e+00
-1.02868e+00 7.58085e+00 1.89801e+00 3.22360e+01 0.00000e+00
-1.01867e+00 7.02472e+00 1.59722e+00 3.15130e+01 0.00000e+00
-1.00867e+00 6.49649e+00 1.36932e+00 3.07821e+01 0.00000e+00
-9.98666e-01 6.00001e+00 1.20523e+00 3.00509e+01 0.00000e+00
-9.88663e-01 5.53790e+00 1.09615e+00 2.93251e+01 0.00000e+00
-9.78660e-01 5.11172e+00 1.03385e+00 2.86090e+01 0.00000e+00
-9.68656e-01 4.72214e+00 1.01084e+00 2.79054e+01 0.00000e+00
-9.58653e-01 4.36908e+00 1.02052e+00 2.72162e+01 0.00000e+00
-9.48650e-01 4.05191e+00 1.05718e+00 2.65429e+01 0.00000e+00
-9.38646e-01 3.76952e+00 1.11603e+00 2.58860e+01 0.00000e+00
-9.28643e-01 3.52052e+00 1.19309e+00 2.52461e+01 0.00000e+00
-9.18640e-01 3.30332e+00 1.28519e+00 2.46232e+01 0.00000e+00
-9.08636e-01 3.11618e+00 1.38983e+00 2.40173e+01 0.00000e+00
-8.98633e-01 2.95734e+00 1.50516e+00 2.34284e+01 0.00000e+00
-8.88630e-01 2.82507e+00 1.62985e+00 2.28564e+01 0.00000e+00
-8.78626e-01 2.71767e+00 1.76306e+00 2.23011e+01 0.00000e+00
-8.68623e-01 2.63358e+00 1.90435e+00 2.17624e+01 0.00000e+00
-8.58620e-01 2.57132e+00 2.05363e+00 2.12404e+01 0.00000e+00
-8.48616e-01 2.52959e+00 2.21112e+00 2.07349e+01 0.00000e+00
-8.38613e-01 2.50725e+00 2.37727e+00 2.02461e+01 0.00000e+00
-8.28610e-01 2.50329e+00 2.55277e+00 1.97741e+01 0.00000e+00
-8.18606e-01 2.51690e+00 2.73849e+00 1.93191e+01 0.00000e+00
-8.08603e-01 2.54743e+00 2.93548e+00 1.88814e+01 0.00000e+00
-7.98600e-01 2.59440e+00 3.14492e+00 1.84615e+01 0.00000e+00
-7.88596e-01 2.65749e+00 3.36812e+00 1.80599e+01 0.00000e+00
-7.78593e-01 2.73655e+00 3.60652e+00 1.76773e+01 0.00000e+00
-7.68590e-01 2.83157e+00 3.86165e+00 1.73145e+01 0.00000e+00
-7.58586e-01 2.94271e+00 4.13515e+00 1.69727e+01 0.00000e+00
-7.48583e-01 3.07026e+00 4.42872e+00 1.66529e+01 0.00000e+00
-7.38580e-01 3.21466e+00 4.74415e+00 1.63568e+01 0.00000e+00
-7.28576e-01 3.37647e+00 5.08325e+00 1.60860e+01 0.00000e+00
-7.18573e-01 3.55638e+00 5.44788e+00 1.58427e+01 0.00000e+00
-7.08570e-01 3.75518e+00 5.83987e+00 1.56293e+01 0.00000e+00
-6.98566e-01 3.97377e+00 6.26102e+00 1.54487e+01 0.00000e+00
-6.88563e-01 4.21312e+00 6.71300e+00 1.53041e+01 0.00000e+00
-6.78560e-01 4.47426e+00 7.19732e+00 1.51994e+01 0.00000e+00
-6.68556e-01 4.75827e+00 7.71521e+00 1.51390e+01 0.00000e+00
-6.58553e-01 5.06620e+00 8.26749e+00 1.51279e+01 0.00000e+00
-6.48550e-01 5.39907e+00 8.85447e+00 1.51719e+01 0.00000e+00
-6.38546e-01 5.75779e+00 9.47572e+00 1.52772e+01 0.00000e+00
-6.28543e-01 6.14311e+00 1.01299e+01 1.54508e+01 0.00000e+00
-6.18540e-01 6.55551e+00 1.08143e+01 1.57005e+01 0.00000e+00
-6.08536e-01 6.99512e+00 1.15250e+01 1.60343e+01 0.00000e+00
-5.98533e-01 7.46157e+00 1.22560e+01 1.64608e+01 0.00000e+00
-5.88530e-01 7.95388e+00 1.29993e+01 1.69885e+01 0.00000e+00
-5.78526e-01 8.47024e+00 1.37442e+01 1.76257e+01 0.00000e+00
-5.68523e-01 9.00792e+00 1.44774e+01 1.83795e+01 0.00000e+00
-5.58520e-01 9.56298e+00 1.51824e+01 1.92557e+01 0.00000e+00
-5.48516e-01 1.01302e+01 1.58396e+01 2.02575e+01 0.00000e+00
-5.38513e-01 1.07027e+01 1.64267e+01 2.13844e+01 0.00000e+00
-5.28510e-01 1.12723e+01 1.69190e+01 2.26314e+01 0.00000e+00
-5.18506e-01 1.18288e+01 1.72901e+01 2.39879e+01 0.00000e+00
-5.08503e-01 1.23608e+01 1.75140e+01 2.54365e+01 0.00000e+00
-4.98499e-01 1.28553e+01 1.75661e+01 2.69526e+01 0.00000e+00
-4.88496e-01 1.32986e+01 1.74260e+01 2.85047e+01 0.00000e+00
-4.78493e-01 1.36764e+01 1.70798e+01 3.00547e+01 0.00000e+00
-4.68489e-01 1.39750e+01 1.65219e+01 3.15598e+01 0.00000e+00
-4.58486e-01 1.41821e+01 1.57574e+01 3.29753e+01 0.00000e+00
-4.48483e-01 1.42872e+01 1.48022e+01 3.42574e+01 0.00000e+00
-4.38479e-01 1.42833e+01 1.36833e+01 3.53667e+01 0.00000e+00
-4.28476e-01 1.41667e+01 1.24366e+01 3.62718e+01 0.00000e+00
-4.18473e-01 1.39381e+01 1.11049e+01 3.69513e+01 0.00000e+00
-4.08469e-01 1.36021e+01 9.73368e+00 3.73959e+01 0.00000e+00
-3.98466e-01 1.31676e+01 8.36773e+00 3.76077e+01 0.00000e+00
-3.88463e-01 1.26463e+01 7.04782e+00 3.75997e+01 0.00000e+00
-3.78459e-01 1.20526e+01 5.80792e+00 3.73931e+01 0.00000e+00
-3.68456e-01 1.14024e+01 4.67372e+00 3.70148e+01 0.00000e+00
-3.58453e-01 1.07119e+01 3.66209e+00 3.64946e+01 0.00000e+00
-3.48449e-01 9.99712e+00 2.78152e+00 3.58625e+01 0.00000e+00
-3.38446e-01 9.27300e+00 2.03322e+00 3.51466e+01 0.00000e+00
-3.28443e-01 8.55281e+00 1.41266e+00 3.43723e+01 0.00000e+00
-3.18439e-01 7.84795e+00 9.11119e-01 3.35610e+01 0.00000e+00
-3.08436e-01 7.16775e+00 5.17188e-01 3.27300e+01 0.00000e+00
-2.98433e-01 6.51949e+00 2.18096e-01 3.18929e+01 0.00000e+00
-2.88429e-01 5.90853e+00 7.03201e-04 3.10598e+01 0.00000e+00
-2.78426e-01 5.33846e+00 -1.47748e-01 3.02379e+01 0.00000e+00
-2.68423e-01 4.81138e+00 -2.39137e-01 2.94321e+01 0.00000e+00
-2.58419e-01 4.32810e+00 -2.84171e-01 2.86454e+01 0.00000e+00
-2.48416e-01 3.88840e+00 -2.92246e-01 2.78796e+01 0.00000e+00
-2.38413e-01 3.49124e+00 -2.71424e-01 2.71354e+01 0.00000e+00
-2.28409e-01 3.13499e+00 -2.28475e-01 2.64129e+01 0.00000e+00
-2.18406e-01 2.81758e+00 -1.68979e-01 2.57117e+01 0.00000e+00
-2.08403e-01 2.53666e+00 -9.74396e-02 2.50314e+01 0.00000e+00
-1.98399e-01 2.28973e+00 -1.74134e-02 2.43711e+01 0.00000e+00
-1.88396e-01 2.07422e+00 6.83595e-02 2.37301e+01 0.00000e+00
-1.78393e-01 1.88758e+00 1.57836e-01 2.31076e+01 0.00000e+00
-1.68389e-01 1.72735e+00 2.49560e-01 2.25030e+01 0.00000e+00
-1.58386e-01 1.59117e+00 3.42560e-01 2.19155e+01 0.00000e+00
-1.48383e-01 1.47684e+00 4.36270e-01 2.13445e+01 0.00000e+00
-1.38379e-01 1.38234e+00 5.30448e-01 2.07895e+01 0.00000e+00
-1.28376e-01 1.30582e+00 6.25119e-01 2.02499e+01 0.00000e+00
-1.18373e-01 1.24563e+00 7.20526e-01 1.97253e+01 0.00000e+00
-1.08369e-01 1.20031e+00 8.17081e-01 1.92153e+01 0.00000e+00
-9.83661e-02 1.16857e+00 9.15341e-01 1.87197e+01 0.00000e+00
-8.83628e-02 1.14931e+00 1.01598e+00 1.82379e+01 0.00000e+00
-7.83595e-02 1.14161e+00 1.11975e+00 1.77699e+01 0.00000e+00
-6.83561e-02 1.14471e+00 1.22752e+00 1.73154e+01 0.00000e+00
-5.83528e-02 1.15800e+00 1.34021e+00 1.68742e+01 0.00000e+00
-4.83494e-02 1.18104e+00 1.45881e+00 1.64462e+01 0.00000e+00
-3.83461e-02 1.21349e+00 1.58439e+00 1.60312e+01 0.00000e+00
-2.83428e-02 1.25520e+00 1.71808e+00 1.56293e+01 0.00000e+00
-1.83394e-02 1.30611e+00 1.86109e+00 1.52405e+01 0.00000e+00
-8.33611e-03 1.36628e+00 2.01471e+00 1.48649e+01 0.00000e+00